# Year Metric
1970.00   3.30
1971.00  39.10
1972.00   1.80
1973.00  32.30
1974.00   1.80
1975.00   4.40
1976.00  61.50
1977.00   2.40
1978.00   4.30
1979.00  24.40
1980.00  30.00
1981.00  49.10
1982.00   8.60
1983.00   1.80
1984.00   1.80
1985.00   4.10
1986.00   1.80
1987.00   1.80
1988.00   1.80
1989.00  38.80
1990.00  10.00
1991.00   1.80
1992.00   5.20
1993.00   1.80
1994.00   1.80
1995.00  10.10
1996.00   1.80
1997.00  13.20
1998.00  76.50
1999.00  69.30
2000.00   1.80
2001.00   1.80
2002.00  13.50
2003.00  41.40
2004.00   1.80
2005.00  51.50
2006.00   1.80
2007.00   1.80
2008.00  14.60
2009.00   5.80
