# Year Metric
1970.00   3.80
1971.00  37.30
1972.00   0.00
1973.00  35.80
1974.00   6.10
1975.00   9.70
1976.00  69.10
1977.00   0.60
1978.00   4.30
1979.00  27.40
1980.00  54.10
1981.00  47.30
1982.00  27.40
1983.00   6.80
1984.00   1.80
1985.00  21.30
1986.00   2.20
1987.00   0.00
1988.00   7.00
1989.00  37.00
1990.00  21.30
1991.00   0.00
1992.00  30.40
1993.00   0.70
1994.00   3.80
1995.00  16.90
1996.00   0.00
1997.00  29.80
1998.00  74.70
1999.00  68.60
2000.00   0.00
2001.00   0.00
2002.00  16.40
2003.00  55.90
2004.00   7.30
2005.00  49.70
2006.00   0.00
2007.00  26.90
2008.00  12.80
